M0 6270 l0 -6270 6270 0 6270 0 0 6270 0 6270 -6270 0 -6270 0 0
-6270z m6505 4220 c658 -49 1259 -284 1785 -698 116 -91 401 -376 494 -492 37
-47 115 -155 172 -242 302 -452 485 -966 534 -1493 24 -260 6 -636 -41 -884
-112 -584 -338 -1063 -740 -1566 -52 -66 -103 -126 -111 -133 -13 -10 -389
-13 -1944 -13 -1061 -1 -1932 -1 -1937 0 -8 1 174 236 618 796 61 77 171 217
245 310 74 94 202 256 285 360 83 105 317 402 520 660 202 259 392 499 420
535 231 290 506 643 503 646 -2 2 -283 0 -624 -4 -340 -5 -925 -6 -1299 -3
l-680 6 0 165 0 165 1644 3 c905 1 1649 -2 1653 -6 5 -5 -22 -47 -59 -94 -37
-48 -81 -103 -97 -124 -16 -20 -88 -112 -160 -203 -71 -91 -195 -249 -275
-351 -80 -102 -292 -369 -472 -595 -757 -950 -901 -1131 -1035 -1301 -342
-432 -494 -627 -494 -634 0 -5 100 -7 223 -5 122 2 795 4 1494 4 l1273 1 66
83 c312 393 525 859 629 1379 60 299 56 666 -11 1055 -44 259 -92 412 -204
654 -153 332 -318 568 -574 824 -253 252 -538 453 -844 593 -370 170 -724 246
-1137 245 -935 -3 -1772 -409 -2313 -1120 -272 -357 -489 -854 -562 -1282
-102 -599 13 -1284 308 -1845 134 -255 344 -548 563 -786 1062 -1155 1948
-2110 1957 -2110 4 0 100 100 212 222 113 122 392 425 621 673 228 247 476
516 550 597 l134 146 239 1 c226 1 238 0 225 -17 -15 -18 -259 -286 -454 -497
-66 -72 -194 -211 -285 -310 -232 -252 -539 -584 -705 -760 -78 -82 -229 -244
-335 -360 -107 -115 -197 -210 -201 -210 -4 0 -42 38 -85 85 -92 101 -363 394
-564 610 -80 86 -221 239 -315 340 -93 102 -231 250 -305 330 -75 80 -189 204
-255 275 -65 72 -256 278 -424 459 -445 480 -504 548 -662 776 -273 392 -469
856 -563 1335 -48 249 -60 391 -53 668 8 349 62 638 184 982 270 764 797 1385
1499 1769 536 293 1165 430 1769 386z